# 642
289.289 243.209 273.148
289.133 243.211 273.385
288.978 243.214 273.623
288.824 243.216 273.86
288.67 243.217 274.099
288.517 243.217 274.337
288.365 243.216 274.576
288.214 243.215 274.816
288.064 243.211 275.057
287.916 243.207 275.298
287.77 243.201 275.541
287.627 243.195 275.785
287.489 243.189 276.03
287.355 243.183 276.278
287.226 243.178 276.527
287.104 243.175 276.779
286.989 243.174 277.034
286.882 243.176 277.292
286.785 243.18 277.553
286.696 243.187 277.817
286.616 243.197 278.085
286.542 243.209 278.355
286.474 243.22 278.627
286.408 243.231 278.9
286.344 243.24 279.175
286.28 243.247 279.449
286.215 243.249 279.724
286.146 243.247 279.998
286.073 243.239 280.27
285.993 243.224 280.541
285.908 243.205 280.811
285.82 243.183 281.079
285.728 243.161 281.346
285.635 243.14 281.612
285.542 243.123 281.878
285.449 243.112 282.144
285.359 243.109 282.41
285.273 243.116 282.676
285.191 243.136 282.942
285.114 243.17 283.21
285.043 243.215 283.477
284.976 243.27 283.743
284.912 243.331 284.006
284.852 243.396 284.267
284.793 243.462 284.524
284.735 243.526 284.776
284.678 243.586 285.022
284.62 243.638 285.262
284.56 243.681 285.493
284.499 243.711 285.717
284.437 243.732 285.933
284.374 243.743 286.145
284.31 243.749 286.355
284.248 243.75 286.563
284.187 243.749 286.774
284.128 243.748 286.987
284.072 243.748 287.207
284.019 243.753 287.434
283.971 243.764 287.67
283.927 243.783 287.918
283.888 243.808 288.176
283.85 243.838 288.442
283.814 243.872 288.715
283.779 243.906 288.994
283.742 243.941 289.277
283.703 243.974 289.562
283.661 244.004 289.848
283.614 244.028 290.133
283.561 244.045 290.416
283.501 244.055 290.696
283.436 244.057 290.972
283.365 244.052 291.246
283.29 244.043 291.517
283.211 244.03 291.787
283.129 244.014 292.056
283.046 243.996 292.324
282.961 243.978 292.591
282.876 243.96 292.86
282.793 243.944 293.129
282.71 243.932 293.399
282.631 243.923 293.671
282.555 243.918 293.944
282.485 243.92 294.218
282.421 243.928 294.493
282.365 243.943 294.769
282.318 243.967 295.045
282.281 244.0 295.322
282.256 244.044 295.599
282.244 244.098 295.876
282.244 244.164 296.153
282.256 244.239 296.43
282.274 244.321 296.707
282.296 244.406 296.983
282.318 244.491 297.259
282.336 244.573 297.533
282.348 244.651 297.807
282.349 244.72 298.079
282.336 244.778 298.35
282.306 244.822 298.619
282.256 244.849 298.886
282.189 244.862 299.152
282.109 244.863 299.418
282.02 244.855 299.685
281.926 244.839 299.952
281.83 244.818 300.222
281.737 244.795 300.495
281.651 244.771 300.771
281.575 244.75 301.051
281.513 244.734 301.337
281.469 244.724 301.629
281.441 244.721 301.925
281.426 244.722 302.226
281.424 244.728 302.53
281.431 244.736 302.837
281.445 244.747 303.144
281.464 244.758 303.453
281.486 244.769 303.76
281.509 244.779 304.067
281.53 244.786 304.371
281.548 244.79 304.673
281.562 244.791 304.972
281.573 244.79 305.269
281.58 244.786 305.565
281.583 244.782 305.861
281.583 244.776 306.157
281.579 244.771 306.454
281.571 244.765 306.752
281.56 244.76 307.053
281.545 244.756 307.357
281.526 244.754 307.664
281.506 244.754 307.973
281.485 244.754 308.285
281.465 244.756 308.597
281.447 244.758 308.909
281.433 244.761 309.22
281.424 244.764 309.53
281.422 244.767 309.836
281.428 244.769 310.139
281.443 244.771 310.436
281.47 244.772 310.729
281.505 244.773 311.016
281.549 244.773 311.3
281.599 244.772 311.58
281.655 244.771 311.858
281.713 244.77 312.134
281.774 244.768 312.409
281.835 244.767 312.684
281.895 244.766 312.96
281.952 244.764 313.237
282.005 244.763 313.517
282.054 244.763 313.798
282.099 244.762 314.082
282.14 244.762 314.367
282.178 244.762 314.654
282.212 244.762 314.943
282.242 244.763 315.233
282.269 244.763 315.525
282.293 244.764 315.818
282.314 244.765 316.112
282.332 244.766 316.406
282.349 244.767 316.702
282.364 244.768 316.997
282.379 244.769 317.292
282.396 244.769 317.587
282.414 244.77 317.881
282.435 244.77 318.174
282.461 244.77 318.465
282.491 244.77 318.754
282.528 244.769 319.041
282.571 244.768 319.326
282.621 244.766 319.608
282.676 244.764 319.888
282.736 244.762 320.165
282.8 244.76 320.441
282.868 244.759 320.716
282.939 244.758 320.989
283.013 244.758 321.261
283.088 244.758 321.533
283.163 244.76 321.803
283.239 244.762 322.073
283.314 244.766 322.344
283.388 244.77 322.614
283.459 244.774 322.886
283.526 244.778 323.16
283.588 244.781 323.435
283.645 244.784 323.713
283.695 244.785 323.994
283.738 244.784 324.278
283.772 244.781 324.566
283.798 244.777 324.859
283.816 244.77 325.154
283.83 244.762 325.452
283.843 244.755 325.75
283.856 244.747 326.048
283.873 244.74 326.345
283.896 244.736 326.638
283.928 244.733 326.927
283.971 244.734 327.211
284.028 244.738 327.489
284.101 244.746 327.759
284.185 244.757 328.023
284.278 244.771 328.284
284.374 244.785 328.543
284.469 244.799 328.803
284.559 244.811 329.066
284.639 244.821 329.334
284.706 244.826 329.608
284.754 244.827 329.892
284.78 244.821 330.187
284.781 244.809 330.494
284.76 244.79 330.812
284.724 244.767 331.136
284.678 244.741 331.463
284.628 244.714 331.791
284.579 244.687 332.115
284.537 244.662 332.432
284.508 244.64 332.738
284.497 244.622 333.032
284.51 244.611 333.308
284.551 244.607 333.565
284.616 244.61 333.805
284.699 244.617 334.032
284.795 244.627 334.25
284.899 244.64 334.461
285.005 244.652 334.669
285.107 244.663 334.877
285.199 244.672 335.09
285.277 244.676 335.311
285.334 244.675 335.542
285.368 244.667 335.788
285.38 244.652 336.045
285.377 244.632 336.313
285.363 244.606 336.588
285.345 244.576 336.868
285.326 244.543 337.151
285.313 244.506 337.434
285.309 244.468 337.715
285.322 244.428 337.993
285.355 244.387 338.263
285.412 244.346 338.525
285.49 244.305 338.78
285.583 244.264 339.031
285.686 244.223 339.277
285.793 244.183 339.523
285.9 244.143 339.769
286.001 244.104 340.018
286.09 244.065 340.271
286.163 244.027 340.531
286.213 243.99 340.799
286.238 243.954 341.077
286.241 243.918 341.363
286.226 243.883 341.656
286.2 243.848 341.953
286.166 243.812 342.252
286.131 243.776 342.551
286.099 243.739 342.848
286.076 243.701 343.142
286.066 243.661 343.43
286.075 243.62 343.709
286.106 243.577 343.98
286.156 243.532 344.243
286.223 243.486 344.499
286.3 243.44 344.751
286.386 243.395 345.0
286.474 243.35 345.249
286.561 243.306 345.498
286.643 243.264 345.75
286.716 243.225 346.007
286.776 243.189 346.271
286.819 243.156 346.542
286.848 243.125 346.819
286.865 243.097 347.102
286.875 243.07 347.388
286.879 243.042 347.677
286.88 243.014 347.965
286.883 242.985 348.253
286.889 242.952 348.538
286.902 242.916 348.819
286.925 242.876 349.094
286.961 242.831 349.363
287.007 242.782 349.625
287.062 242.73 349.883
287.122 242.676 350.138
287.187 242.622 350.391
287.253 242.569 350.644
287.319 242.518 350.898
287.382 242.47 351.154
287.44 242.426 351.414
287.49 242.388 351.68
287.532 242.356 351.952
287.565 242.329 352.229
287.592 242.306 352.511
287.614 242.286 352.795
287.634 242.267 353.081
287.652 242.247 353.367
287.67 242.226 353.653
287.69 242.201 353.936
287.714 242.172 354.216
287.744 242.137 354.491
287.78 242.095 354.761
287.821 242.046 355.026
287.867 241.992 355.286
287.916 241.933 355.543
287.968 241.87 355.798
288.02 241.805 356.051
288.072 241.738 356.304
288.122 241.67 356.557
288.17 241.602 356.812
288.213 241.535 357.068
288.251 241.47 357.328
288.286 241.407 357.59
288.317 241.346 357.854
288.347 241.287 358.12
288.376 241.231 358.387
288.406 241.177 358.654
288.438 241.126 358.922
288.473 241.078 359.19
288.513 241.032 359.457
288.558 240.99 359.723
288.61 240.951 359.987
288.667 240.914 360.25
288.727 240.878 360.512
288.79 240.842 360.772
288.854 240.805 361.032
288.918 240.765 361.291
288.979 240.723 361.55
289.037 240.676 361.808
289.089 240.623 362.066
289.135 240.564 362.324
289.174 240.498 362.583
289.207 240.426 362.842
289.235 240.349 363.1
289.262 240.269 363.359
289.29 240.188 363.617
289.319 240.106 363.874
289.353 240.026 364.132
289.394 239.949 364.388
289.443 239.876 364.643
289.503 239.809 364.898
289.574 239.75 365.151
289.655 239.696 365.404
289.742 239.647 365.657
289.83 239.601 365.911
289.917 239.558 366.166
290.0 239.515 366.424
290.073 239.471 366.684
290.135 239.426 366.949
290.181 239.377 367.217
290.208 239.324 367.491
290.213 239.265 367.769
290.201 239.201 368.053
290.176 239.134 368.339
290.142 239.065 368.627
290.105 238.996 368.915
290.07 238.928 369.202
290.04 238.861 369.488
290.022 238.799 369.769
290.02 238.741 370.046
290.038 238.69 370.316
290.081 238.645 370.579
290.144 238.607 370.836
290.224 238.573 371.088
290.316 238.542 371.336
290.416 238.512 371.583
290.518 238.481 371.828
290.62 238.448 372.074
290.715 238.41 372.321
290.799 238.367 372.572
290.869 238.316 372.827
290.92 238.257 373.087
290.954 238.189 373.353
290.973 238.114 373.621
290.98 238.032 373.892
290.977 237.944 374.165
290.966 237.852 374.437
290.95 237.755 374.709
290.931 237.655 374.979
290.912 237.552 375.245
290.895 237.448 375.508
290.882 237.343 375.765
290.873 237.238 376.019
290.868 237.134 376.27
290.865 237.032 376.52
290.865 236.933 376.771
290.868 236.837 377.024
290.872 236.747 377.28
290.877 236.661 377.541
290.883 236.582 377.809
290.89 236.511 378.085
290.897 236.447 378.369
290.904 236.39 378.66
290.911 236.339 378.956
290.919 236.293 379.255
290.928 236.25 379.553
290.938 236.209 379.849
290.949 236.169 380.14
290.962 236.129 380.424
290.977 236.087 380.699
290.994 236.043 380.962
291.013 235.995 381.211
291.033 235.943 381.449
291.054 235.889 381.677
291.073 235.832 381.899
291.091 235.775 382.117
291.107 235.716 382.334
291.118 235.657 382.552
291.126 235.599 382.774
291.127 235.541 383.003
291.122 235.486 383.24
291.109 235.432 383.488
291.09 235.38 383.746
291.066 235.331 384.012
291.038 235.282 384.286
291.008 235.234 384.565
290.976 235.187 384.848
290.944 235.14 385.133
290.914 235.094 385.419
290.886 235.046 385.705
290.862 234.998 385.989
290.843 234.949 386.269
290.829 234.898 386.546
290.82 234.846 386.821
290.816 234.793 387.095
290.817 234.738 387.368
290.822 234.682 387.64
290.832 234.624 387.914
290.847 234.563 388.189
290.866 234.501 388.466
290.889 234.437 388.745
290.916 234.371 389.029
290.946 234.304 389.314
290.975 234.237 389.602
291.002 234.17 389.89
291.024 234.106 390.179
291.04 234.045 390.466
291.047 233.987 390.752
291.042 233.935 391.035
291.025 233.89 391.315
290.992 233.851 391.59
290.943 233.82 391.86
290.88 233.795 392.126
290.806 233.775 392.388
290.724 233.756 392.647
290.639 233.738 392.905
290.554 233.719 393.161
290.473 233.695 393.417
290.398 233.666 393.673
290.333 233.629 393.931
290.282 233.582 394.192
290.247 233.524 394.455
290.226 233.457 394.72
290.216 233.384 394.989
290.213 233.308 395.259
290.215 233.232 395.532
290.218 233.158 395.806
290.219 233.09 396.082
290.215 233.03 396.359
290.202 232.981 396.636
290.178 232.946 396.915
290.14 232.927 397.193
290.09 232.922 397.472
290.03 232.929 397.752
289.963 232.946 398.032
289.892 232.968 398.313
289.819 232.995 398.594
289.747 233.023 398.877
289.678 233.05 399.161
289.614 233.073 399.446
289.56 233.09 399.732
289.515 233.098 400.019
289.48 233.098 400.308
289.451 233.093 400.597
289.427 233.083 400.886
289.405 233.069 401.175
289.384 233.054 401.464
289.362 233.038 401.751
289.336 233.024 402.037
289.304 233.012 402.321
289.264 233.003 402.603
289.214 233.0 402.882
289.156 233.001 403.159
289.092 233.006 403.435
289.024 233.013 403.709
288.952 233.022 403.984
288.879 233.032 404.258
288.807 233.041 404.533
288.738 233.049 404.808
288.673 233.055 405.086
288.613 233.058 405.366
288.562 233.058 405.648
288.516 233.054 405.933
288.475 233.048 406.219
288.436 233.04 406.505
288.398 233.032 406.792
288.359 233.024 407.077
288.317 233.017 407.361
288.27 233.011 407.642
288.217 233.009 407.921
288.155 233.009 408.196
288.084 233.014 408.466
288.005 233.022 408.733
287.92 233.032 408.998
287.831 233.043 409.261
287.741 233.054 409.524
287.65 233.063 409.787
287.561 233.07 410.052
287.477 233.074 410.32
287.398 233.073 410.591
287.328 233.066 410.868
287.268 233.053 411.149
287.216 233.036 411.435
287.171 233.017 411.725
287.131 232.999 412.015
287.095 232.984 412.306
287.061 232.975 412.595
287.027 232.975 412.882
286.991 232.986 413.165
286.952 233.01 413.442
286.909 233.05 413.713
286.858 233.109 413.975
286.803 233.182 414.231
286.742 233.266 414.481
286.677 233.357 414.728
286.609 233.451 414.972
286.538 233.545 415.216
286.466 233.635 415.46
286.393 233.716 415.707
286.32 233.785 415.957
286.247 233.838 416.213
286.177 233.873 416.475
286.107 233.89 416.743
286.04 233.894 417.015
285.974 233.886 417.292
285.909 233.871 417.572
285.846 233.85 417.854
285.784 233.828 418.138
285.723 233.806 418.421
285.664 233.787 418.704
285.606 233.775 418.986
285.549 233.772 419.265
285.493 233.777 419.543
285.438 233.787 419.819
285.384 233.802 420.094
285.33 233.818 420.369
285.277 233.835 420.644
285.225 233.849 420.92
285.172 233.86 421.197
285.12 233.866 421.476
285.068 233.864 421.757
285.016 233.853 422.041
284.964 233.836 422.327
284.912 233.816 422.614
284.86 233.795 422.901
284.807 233.776 423.187
284.754 233.762 423.471
284.701 233.756 423.753
284.647 233.761 424.031
284.593 233.78 424.304
284.538 233.815 424.572
284.482 233.869 424.835
284.426 233.938 425.091
284.369 234.02 425.344
284.312 234.109 425.594
284.253 234.203 425.842
284.193 234.297 426.09
284.132 234.388 426.338
284.07 234.471 426.588
284.006 234.544 426.84
283.941 234.602 427.097
283.874 234.642 427.359
283.806 234.666 427.625
283.737 234.676 427.895
283.667 234.675 428.168
283.597 234.666 428.444
283.527 234.65 428.722
283.457 234.631 429.001
283.387 234.611 429.281
283.318 234.592 429.56
283.251 234.577 429.839
283.185 234.568 430.117
283.12 234.564 430.393
283.055 234.565 430.668
282.989 234.569 430.942
282.923 234.576 431.215
282.856 234.584 431.487
282.787 234.594 431.757
282.715 234.603 432.027
282.64 234.611 432.295
282.561 234.617 432.563
282.478 234.621 432.83
282.391 234.621 433.096
282.302 234.62 433.361
282.209 234.617 433.626
282.115 234.613 433.89
282.02 234.608 434.154
281.923 234.603 434.417
281.826 234.598 434.681
281.73 234.594 434.944
281.634 234.591 435.207
281.539 234.589 435.471
281.447 234.589 435.734
281.356 234.589 435.998
281.268 234.591 436.263
281.183 234.593 436.529
281.101 234.595 436.796
281.022 234.597 437.065
280.947 234.6 437.335
280.877 234.602 437.608
280.811 234.604 437.882
280.75 234.605 438.159
280.693 234.605 438.437
280.638 234.605 438.717
280.584 234.604 438.997
280.53 234.603 439.277
280.475 234.602 439.557
280.417 234.601 439.836
280.355 234.6 440.113
280.287 234.599 440.387
280.214 234.598 440.659
280.132 234.597 440.928
280.046 234.597 441.194
279.955 234.597 441.458
279.863 234.598 441.721
279.771 234.598 441.985
279.681 234.599 442.249
279.596 234.599 442.516
279.517 234.6 442.785
279.446 234.6 443.057
279.386 234.601 443.334
279.338 234.601 443.616
279.3 234.601 443.903
279.272 234.601 444.194
279.251 234.601 444.487
279.235 234.601 444.783
279.222 234.601 445.08
279.212 234.6 445.378
279.201 234.6 445.676
279.189 234.6 445.974
279.174 234.6 446.27
279.153 234.6 446.563
279.127 234.6 446.855
279.096 234.6 447.144
