#pt3d 700
111.748276 251.652390 204.930370
111.648159 251.719074 204.719925
111.547887 251.786965 204.509869
111.446328 251.856144 204.300906
111.348155 251.923535 204.089797
111.252392 251.984178 203.875498
111.156702 252.037806 203.659343
111.060316 252.105303 203.447377
110.963530 252.179179 203.237696
110.865379 252.252053 203.028358
110.768973 252.326376 202.818694
110.669026 252.404904 202.612259
110.567411 252.482442 202.406308
110.465646 252.560943 202.200739
110.360749 252.643884 201.998511
110.254868 252.723334 201.795385
110.146258 252.798248 201.592021
110.037434 252.871812 201.388289
109.926381 252.948951 201.187102
109.812733 253.028445 200.988324
109.701335 253.088532 200.781595
109.588640 253.153638 200.577136
109.479543 253.216186 200.369933
109.369932 253.273496 200.161466
109.257274 253.339049 199.957247
109.144501 253.414484 199.756403
109.032146 253.485535 199.553701
108.919099 253.551435 199.349703
108.808724 253.612900 199.142834
108.700562 253.674575 198.934864
108.587232 253.734487 198.729156
108.473735 253.802724 198.526157
108.360547 253.862734 198.320562
108.245220 253.923538 198.116162
108.127659 253.979671 197.911706
108.009175 254.036096 197.707882
107.888661 254.098009 197.506848
107.761536 254.171809 197.314099
107.635698 254.237618 197.117655
107.510998 254.301985 196.920145
107.387343 254.357133 196.719016
107.264585 254.414864 196.518250
107.140911 254.475514 196.318725
107.016186 254.532719 196.118812
106.895706 254.595801 195.918284
106.766374 254.666497 195.725878
106.644263 254.731410 195.526821
106.531777 254.786365 195.319372
106.417506 254.842622 195.113075
106.307081 254.907925 194.907413
106.194447 254.975926 194.703815
106.083116 255.042953 194.499157
105.971688 255.110724 194.294852
105.857078 255.186939 194.095325
105.742674 255.256824 193.893414
105.632895 255.320930 193.687076
105.526181 255.374137 193.476079
105.410238 255.434971 193.271994
105.302495 255.486709 193.061216
105.192120 255.534632 192.850724
105.081279 255.586114 192.641370
104.969259 255.632652 192.431491
104.862403 255.673489 192.217745
104.751552 255.716501 192.006448
104.644670 255.771126 191.795851
104.533701 255.823880 191.586852
104.427596 255.872463 191.374367
104.320738 255.915126 191.160931
104.213592 255.964358 190.949135
104.105359 256.017799 190.739073
103.998986 256.081692 190.531242
103.890450 256.141342 190.323614
103.786496 256.184494 190.108908
103.678804 256.229120 189.896433
103.576118 256.283109 189.683512
103.472583 256.324213 189.468268
103.372125 256.363574 189.251202
103.268185 256.398701 189.035036
103.167740 256.433443 188.817146
103.066427 256.473411 188.600569
102.960234 256.515755 188.386844
102.856923 256.568240 188.173955
102.747864 256.629897 187.966353
102.638513 256.691441 187.758895
102.527066 256.752443 187.552417
102.413503 256.812927 187.346972
102.296402 256.867578 187.141816
102.178721 256.928423 186.938804
102.058915 256.983114 186.735464
101.937752 257.030205 186.530964
101.813333 257.088623 186.331328
101.692474 257.145700 186.129018
101.564700 257.197851 185.929746
101.437570 257.250963 185.730351
101.307342 257.305084 185.533193
101.176236 257.368465 185.339533
101.041234 257.431454 185.148496
100.902908 257.475704 184.954399
100.763079 257.528429 184.763667
100.619764 257.590635 184.578239
100.472223 257.650291 184.395383
100.320052 257.707880 184.215867
100.164546 257.771000 184.040916
100.005757 257.839432 183.870950
99.843085 257.911012 183.706055
99.677641 257.984249 183.544655
99.511630 258.061424 183.385669
99.345963 258.140129 183.227079
99.180955 258.218929 183.067889
99.017429 258.295757 182.906198
98.855208 258.377376 182.745562
98.692053 258.457160 182.585015
98.532849 258.533229 182.418716
98.374992 258.609699 182.251391
98.222254 258.678859 182.076251
98.068679 258.753471 181.904352
97.916648 258.828417 181.731307
97.765295 258.905205 181.558205
97.614984 258.981416 181.383907
97.466624 259.059188 181.208618
97.320084 259.134981 181.030962
97.175027 259.212037 180.852753
97.030193 259.289331 180.674376
96.888424 259.362428 180.491883
96.746591 259.439515 180.310979
96.601831 259.519769 180.133811
96.454957 259.600632 179.958720
96.305898 259.682821 179.786107
96.155838 259.767710 179.615641
96.002981 259.848011 179.445428
95.856384 259.911813 179.263277
95.708756 259.970532 179.080311
95.566829 260.015826 178.889227
95.422907 260.059597 178.699067
95.281569 260.099617 178.506216
95.144942 260.127690 178.307913
95.013357 260.150668 178.105754
94.894231 260.145438 177.895166
94.786620 260.132373 177.678271
94.677188 260.117256 177.462481
94.570510 260.099470 177.245471
94.464225 260.081844 177.028244
94.355930 260.062819 176.812177
94.257219 260.038572 176.592136
94.173609 259.992201 176.369322
94.089599 259.945047 176.146824
94.009136 259.903269 175.921964
93.948236 259.837698 175.697285
93.894089 259.765182 175.472363
93.845659 259.698280 175.244387
93.805225 259.613763 175.020881
93.784469 259.522387 174.797770
93.780561 259.424699 174.576033
93.780287 259.314384 174.360161
93.788205 259.213087 174.140027
93.798255 259.097471 173.927232
93.812736 258.984201 173.713408
93.829880 258.869163 173.500716
93.849736 258.756810 173.286794
93.872921 258.633785 173.079234
93.896733 258.515453 172.869019
93.922409 258.394139 172.660756
93.946465 258.273419 172.451931
93.971437 258.155440 172.241598
93.993321 258.046451 172.026187
94.013684 257.941174 171.808807
94.029442 257.843533 171.587441
94.048271 257.753844 171.362988
94.064350 257.659494 171.140250
94.084144 257.571611 170.915153
94.104942 257.476726 170.693047
94.129658 257.387105 170.469174
94.154943 257.289449 170.248740
94.180910 257.197662 170.025933
94.206878 257.101850 169.804748
94.237043 257.001994 169.585884
94.266456 256.904120 169.366032
94.297853 256.810017 169.144881
94.328103 256.715446 168.923729
94.362321 256.628825 168.699888
94.399741 256.548547 168.474188
94.438444 256.472900 168.247106
94.477020 256.400415 168.018971
94.520150 256.334896 167.789557
94.552540 256.268861 167.558646
94.574320 256.203016 167.326364
94.593371 256.142199 167.092511
94.621207 256.078573 166.860261
94.657054 256.020597 166.627783
94.688613 255.959438 166.395772
94.708934 255.900421 166.161787
94.721602 255.834525 165.928857
94.743351 255.774957 165.694951
94.750796 255.717074 165.459913
94.759620 255.658547 165.224988
94.778105 255.601519 164.990101
94.777221 255.546656 164.754057
94.767852 255.498588 164.516631
94.769678 255.444260 164.280376
94.753282 255.399954 164.042711
94.731629 255.352132 163.806101
94.707381 255.306199 163.569488
94.670258 255.264025 163.333630
94.630706 255.222047 163.098149
94.597170 255.175275 162.862671
94.560601 255.126238 162.628054
94.530022 255.074797 162.393137
94.496999 255.020260 162.159216
94.470749 254.961953 161.925360
94.440771 254.905729 161.691410
94.411518 254.850599 161.457140
94.382593 254.791083 161.223898
94.351611 254.736438 160.989784
94.317208 254.684989 160.755363
94.280425 254.637955 160.520410
94.239734 254.592272 160.285798
94.196239 254.549557 160.051144
94.148432 254.513565 159.816200
94.094835 254.480446 159.582075
94.039932 254.450823 159.347771
93.978214 254.427244 159.114558
93.910574 254.408326 158.882485
93.839170 254.396850 158.651057
93.766420 254.381366 158.420374
93.690868 254.368000 158.190508
93.609326 254.358851 157.962377
93.531178 254.345677 157.733257
93.442486 254.338448 157.508003
93.357273 254.335425 157.281088
93.271603 254.323338 157.055103
93.179034 254.326827 156.831870
93.093182 254.319237 156.606095
93.009549 254.291369 156.380415
92.919202 254.291087 156.155430
92.817266 254.318450 155.937517
92.713899 254.353924 155.721083
92.607639 254.387407 155.505804
92.504266 254.417756 155.288606
92.393915 254.453631 155.075886
92.278918 254.518845 154.872939
92.159594 254.570877 154.668885
92.042515 254.610640 154.460405
91.913432 254.661207 154.261470
91.783941 254.700563 154.060561
91.643605 254.741998 153.867266
91.501885 254.785648 153.675476
91.355640 254.836136 153.488877
91.203467 254.851042 153.301089
91.046514 254.872720 153.117974
90.894234 254.895678 152.930683
90.731207 254.914077 152.752660
90.571083 254.940911 152.572774
90.408629 254.962155 152.394074
90.247190 254.986776 152.214948
90.084144 255.017236 152.038108
89.920954 255.049377 151.861691
89.762239 255.097678 151.684927
89.602146 255.147858 151.509972
89.441904 255.176884 151.330441
89.285523 255.229837 151.153845
89.127963 255.291164 150.980084
88.969689 255.361738 150.810707
88.812755 255.431318 150.639504
88.652305 255.484245 150.465889
88.492546 255.536909 150.291306
88.331767 255.589847 150.117709
88.169764 255.646788 149.946530
88.004511 255.705795 149.779290
87.833140 255.772658 149.621698
87.662748 255.846854 149.466062
87.491090 255.899528 149.305414
87.310987 255.976949 149.162913
87.130193 256.049365 149.018469
86.948275 256.107610 148.869294
86.764078 256.168204 148.723830
86.577530 256.224777 148.579815
86.393913 256.273288 148.429260
86.206243 256.329328 148.286350
86.017108 256.381720 148.144090
85.830291 256.435145 147.999039
85.642162 256.480777 147.853166
85.453810 256.537541 147.712631
85.261550 256.606818 147.582127
85.070311 256.665810 147.445801
84.876248 256.733318 147.317171
84.681935 256.800693 147.188767
84.487115 256.864720 147.059521
84.291023 256.926216 146.931220
84.093833 256.989002 146.804984
83.896018 257.049449 146.678513
83.693289 257.118270 146.564806
83.491420 257.173620 146.442415
83.288670 257.226455 146.320585
83.082261 257.285117 146.207765
82.877979 257.338023 146.088524
82.671213 257.388293 145.972380
82.462992 257.446667 145.862968
82.256408 257.499658 145.748261
82.054888 257.535325 145.618933
81.850311 257.579467 145.496699
81.643739 257.633295 145.382033
81.432615 257.692608 145.279359
81.225767 257.745664 145.164609
81.018042 257.799339 145.051830
80.816880 257.834248 144.922892
80.615612 257.872743 144.796500
80.406625 257.935401 144.691399
80.199544 257.984429 144.575174
79.991626 258.053390 144.473392
79.781577 258.127605 144.377896
79.574079 258.201569 144.276948
79.365514 258.279903 144.181340
79.157369 258.354099 144.081749
78.951497 258.435278 143.982773
78.743852 258.508976 143.881874
78.536071 258.577281 143.777301
78.328006 258.648275 143.675009
78.119360 258.725083 143.579139
77.912201 258.812098 143.488489
77.702575 258.873752 143.383604
77.489741 258.925211 143.279506
77.279383 258.994475 143.181219
77.067087 259.064643 143.088135
76.853664 259.114127 142.984597
76.638653 259.165374 142.885186
76.422464 259.226355 142.794115
76.206702 259.291795 142.704911
75.989821 259.354388 142.616472
75.773134 259.421003 142.530554
75.555799 259.488207 142.446813
75.340569 259.560848 142.361994
75.125197 259.629579 142.274409
74.911389 259.704090 142.187739
74.698365 259.779452 142.099850
74.488209 259.862400 142.011941
74.280467 259.949496 141.922536
74.072947 260.037330 141.833165
73.867857 260.125475 141.738773
73.663790 260.211393 141.639961
73.463190 260.301297 141.537735
73.262692 260.397828 141.441442
73.063900 260.491836 141.339506
72.869742 260.578891 141.224331
72.673602 260.683258 141.127440
72.479367 260.778796 141.018301
72.286632 260.882038 140.913549
72.093495 260.998003 140.824283
71.901902 261.102430 140.721565
71.710405 261.211359 140.620340
71.523089 261.298244 140.493619
71.335478 261.384720 140.367243
71.145651 261.489492 140.258696
70.955325 261.594842 140.152433
70.765983 261.694016 140.037942
70.579820 261.783641 139.912377
70.397211 261.860343 139.773283
70.206399 261.966368 139.667777
70.017996 262.068487 139.554844
69.825613 262.171413 139.449357
69.638317 262.272541 139.334599
69.446142 262.382714 139.235983
69.257211 262.495522 139.134219
69.072738 262.594738 139.012268
68.890694 262.688170 138.882185
68.717277 262.774847 138.737306
68.545248 262.865923 138.593527
68.367042 262.976661 138.472789
68.195392 263.093127 138.347358
68.029004 263.195758 138.205743
67.873496 263.285111 138.042604
67.720474 263.377953 137.879022
67.572322 263.474496 137.713192
67.423010 263.589166 137.561684
67.276619 263.718565 137.418173
67.137733 263.839668 137.261314
67.008263 263.954557 137.091662
66.877219 264.073498 136.925998
66.756952 264.192844 136.752734
66.641813 264.311640 136.575523
66.527907 264.429800 136.397049
66.425066 264.550830 136.213833
66.326530 264.671117 136.027840
66.234306 264.794237 135.840468
66.153417 264.928657 135.655804
66.073223 265.063493 135.471070
66.006299 265.204542 135.285692
65.959995 265.350915 135.098268
65.931115 265.499171 134.908843
65.915856 265.648875 134.718711
65.909562 265.796782 134.526769
65.915893 265.943583 134.334206
65.936178 266.088490 134.140922
65.971684 266.228656 133.946337
66.015370 266.367967 133.752747
66.067631 266.507114 133.561224
66.121423 266.647217 133.370854
66.184779 266.787834 133.183769
66.248981 266.931242 132.999089
66.316539 267.075922 132.816690
66.390199 267.221281 132.637153
66.466735 267.364811 132.457360
66.546352 267.512903 132.282692
66.632986 267.659373 132.110105
66.720384 267.809331 131.940894
66.816754 267.956690 131.774357
66.919513 268.104358 131.611851
67.028166 268.258133 131.459283
67.146497 268.414599 131.316850
67.271466 268.574770 131.184751
67.410624 268.731107 131.062537
67.556397 268.891489 130.954013
67.702850 269.055201 130.851528
67.859745 269.212645 130.755019
68.019596 269.365831 130.656365
68.186860 269.516741 130.566761
68.350618 269.674942 130.483512
68.519903 269.829234 130.403998
68.700688 269.963634 130.315112
68.884431 270.099539 130.235507
69.073372 270.218259 130.141428
69.266562 270.338731 130.058368
69.460635 270.452130 129.968183
69.658226 270.564529 129.883811
69.855413 270.678292 129.800996
70.054475 270.785329 129.713178
70.251344 270.902085 129.633457
70.447371 271.023839 129.559078
70.635610 271.159185 129.488185
70.826661 271.298027 129.433427
71.013793 271.440227 129.373835
71.221696 271.543000 129.305405
71.422231 271.660272 129.239363
71.633041 271.759756 129.172609
71.844058 271.862932 129.113579
72.053634 271.969789 129.055376
72.266308 272.078658 129.014701
72.476432 272.188412 128.967955
72.687280 272.304190 128.937799
72.903776 272.405762 128.897922
73.126982 272.492406 128.859862
73.352592 272.571864 128.820725
73.578053 272.652550 128.783613
73.807289 272.718950 128.744388
74.038070 272.783952 128.710495
74.269754 272.843136 128.671223
74.502902 272.899065 128.635728
74.736011 272.956651 128.602538
74.971206 273.004146 128.568243
75.206770 273.048039 128.531453
75.442421 273.097560 128.503926
75.678609 273.148834 128.485660
75.916122 273.192975 128.466048
76.154881 273.233838 128.455368
76.395076 273.265276 128.445233
76.635555 273.294504 128.448198
76.877085 273.308722 128.437392
77.119229 273.319158 128.438238
77.361054 273.319360 128.432941
77.602932 273.306695 128.422428
77.844666 273.290229 128.414260
78.086446 273.272791 128.414287
78.327624 273.261507 128.433208
78.568848 273.237562 128.436623
78.808324 273.200703 128.437407
79.047490 273.162478 128.436546
79.286796 273.124981 128.447365
79.525377 273.083081 128.454393
79.762837 273.035169 128.458729
80.001297 272.994526 128.474319
80.239211 272.949389 128.485616
80.476869 272.903764 128.500505
80.714670 272.858614 128.513835
80.952754 272.815267 128.528293
81.189969 272.767464 128.543086
81.426923 272.716591 128.550355
81.662805 272.661129 128.557902
81.898006 272.602494 128.562914
82.132647 272.541512 128.566819
82.366038 272.475869 128.567862
82.599768 272.411439 128.568008
82.832315 272.343011 128.565007
83.064276 272.272917 128.557984
83.296910 272.205023 128.551513
83.529464 272.137914 128.538528
83.761194 272.068732 128.521048
83.993473 272.001986 128.501607
84.225876 271.934610 128.486784
84.457339 271.865806 128.465482
84.688220 271.795649 128.441909
84.919235 271.725035 128.421051
85.149477 271.652247 128.399260
85.378740 271.577133 128.375167
85.607598 271.502483 128.346337
85.836100 271.426985 128.316957
86.063033 271.348778 128.282707
86.290095 271.272387 128.245600
86.515633 271.193676 128.204211
86.741153 271.120679 128.153282
86.965076 271.048264 128.095207
87.187536 270.975497 128.031949
87.408073 270.899103 127.966435
87.626628 270.825571 127.891593
87.841432 270.748706 127.809687
88.052219 270.662310 127.726776
88.258195 270.562198 127.647426
88.457121 270.454561 127.560296
88.654283 270.351599 127.464083
88.845776 270.244812 127.360647
89.032860 270.144647 127.243340
89.220356 270.027158 127.144475
89.406355 269.917484 127.034464
89.589901 269.801057 126.927442
89.772153 269.687957 126.814718
89.954697 269.564249 126.713944
90.130117 269.461949 126.582571
90.303687 269.357432 126.449840
90.480203 269.248502 126.324316
90.654999 269.134447 126.201091
90.828597 269.024460 126.072467
91.002280 268.914205 125.944191
91.174672 268.800235 125.817398
91.349086 268.688829 125.691228
91.524706 268.566853 125.576960
91.700631 268.450684 125.457223
91.875692 268.334331 125.336360
92.052104 268.224813 125.211276
92.226921 268.128723 125.073589
92.401025 268.048426 124.926019
92.571130 267.978434 124.768032
92.742981 267.915221 124.609270
92.912257 267.850429 124.448669
93.077590 267.793900 124.280668
93.242455 267.746891 124.109455
93.403319 267.690910 123.937025
93.566068 267.632938 123.767186
93.725375 267.583339 123.591244
93.879707 267.530255 123.411987
94.038936 267.475103 123.237844
94.190812 267.421185 123.056678
94.339574 267.374326 122.871152
94.486024 267.330265 122.683050
94.636748 267.268709 122.503502
94.778825 267.214693 122.314598
94.913212 267.179606 122.116236
95.042307 267.147408 121.913621
95.166897 267.122032 121.707299
95.282841 267.097254 121.495786
95.404556 267.058840 121.289756
95.518609 267.016911 121.079988
95.631943 266.969214 120.871109
95.739705 266.924020 120.658997
95.844794 266.881500 120.444725
95.948508 266.833217 120.230934
96.045034 266.794497 120.011967
96.138191 266.756435 119.791437
96.234016 266.719731 119.571798
96.326269 266.677607 119.351638
96.414587 266.644208 119.128579
96.508367 266.610286 118.907658
96.592154 266.582428 118.682002
96.684718 266.550388 118.460199
96.772030 266.518354 118.237222
96.865377 266.481415 118.016589
96.955891 266.446620 117.794374
97.050852 266.412584 117.573926
97.140579 266.387124 117.350134
97.224451 266.380501 117.123270
97.299848 266.386010 116.892936
97.378916 266.389711 116.663844
97.460020 266.387663 116.435413
97.534898 266.389685 116.204828
97.598614 266.414712 115.972500
97.661868 266.432356 115.739245
97.722490 266.452288 115.505875
97.773476 266.485613 115.271184
97.835607 266.492191 115.037053
97.895515 266.497336 114.802163
97.951476 266.502056 114.566293
97.999804 266.515783 114.329310
98.040484 266.531893 114.090941
98.078717 266.551338 113.852404
98.109323 266.575806 113.613428
98.133641 266.609543 113.374577
98.156935 266.639108 113.135066
98.175554 266.677637 112.896396
98.205395 266.700626 112.656926
98.221275 266.744019 112.418895
98.238568 266.784850 112.180558
98.250552 266.841167 111.945031
98.263866 266.895947 111.709271
98.281118 266.952901 111.474263
98.303489 267.009855 111.239695
98.327697 267.072236 111.006668
98.351456 267.144617 110.776495
98.374937 267.221417 110.547759
98.399737 267.309138 110.323115
98.431178 267.395497 110.098750
98.465147 267.490865 109.878476
98.501826 267.592385 109.661469
98.556355 267.715823 109.460484
98.616973 267.859159 109.274905
98.678781 268.007169 109.093061
98.749932 268.158893 108.918827
98.822239 268.333695 108.767136
98.896903 268.507608 108.615630
98.975717 268.692849 108.480620
99.054819 268.880028 108.348396
99.139694 269.077253 108.235999
99.221077 269.281467 108.134527
99.301507 269.496426 108.057360
99.382799 269.715467 107.992592
99.465548 269.937060 107.939558
99.541744 270.161356 107.887786
99.632791 270.381625 107.843632
99.720764 270.605123 107.810749
99.808881 270.829098 107.781529
99.898912 271.053207 107.760153
99.988444 271.278174 107.748741
100.077035 271.503805 107.743872
100.161989 271.730896 107.742245
100.246878 271.957885 107.747825
100.332616 272.184267 107.761140
100.413993 272.412152 107.776297
100.496016 272.639171 107.798288
100.579975 272.865376 107.822297
100.664575 273.090683 107.851505
100.748463 273.315964 107.883091
100.835472 273.539065 107.921083
100.923326 273.761760 107.959370
101.012847 273.982521 108.004390
101.104647 274.200946 108.055860
101.199484 274.418158 108.106924
101.297744 274.632793 108.162222
101.395379 274.846740 108.220928
101.495434 275.058638 108.283129
101.597972 275.269821 108.343619
101.700234 275.480026 108.407840
101.806349 275.688104 108.472883
101.913716 275.896180 108.535788
102.022025 276.103084 108.601003
102.131919 276.309207 108.665930
102.243808 276.516405 108.723681
102.353975 276.723909 108.783507
102.464595 276.931407 108.842241
102.571957 277.144833 108.883011
102.681400 277.355475 108.931976
102.788410 277.567593 108.980271
102.895361 277.779921 109.026686
102.999755 277.994012 109.071789
103.104888 278.207700 109.117266
103.203068 278.425986 109.155503
103.302519 278.642358 109.200606
103.396732 278.862708 109.237267
103.489578 279.081947 109.282986
103.578995 279.302484 109.329091
103.666843 279.522795 109.378700
103.753599 279.741192 109.437841
103.839433 279.961759 109.489285
103.920887 280.186017 109.532249
104.005316 280.406010 109.588205
104.090962 280.624742 109.648121
104.172917 280.845253 109.706784
104.254320 281.070138 109.745938
104.333168 281.294116 109.794011
104.416717 281.514643 109.850209
104.498730 281.736595 109.902925
104.579526 281.959773 109.952241
104.663153 282.181136 110.004173
104.746796 282.403709 110.051635
104.832888 282.624227 110.103847
104.918363 282.844086 110.159086
104.999845 283.069188 110.197142
105.082879 283.293512 110.236078
105.164256 283.519344 110.269740
105.245345 283.745891 110.299199
105.325068 283.972404 110.332728
105.406272 284.198780 110.363228
105.489068 284.425880 110.380408
105.571858 284.653718 110.380967
105.658815 284.879835 110.390085
105.749633 285.103638 110.411017
105.842864 285.327256 110.415540
105.940421 285.548658 110.401357
106.040723 285.769156 110.412026
106.146826 285.985869 110.432527
106.259949 286.199792 110.446708
106.377376 286.411344 110.459947
106.501186 286.619237 110.471351
106.632910 286.822455 110.481443
106.767312 287.023800 110.493808
106.907930 287.220762 110.498379
107.051117 287.415812 110.483337
107.195050 287.610572 110.472765
107.343843 287.800993 110.454601
107.490540 287.992057 110.429562
107.639041 288.181600 110.403367
107.789930 288.371260 110.395860
107.941122 288.557908 110.368700
108.090030 288.745721 110.331997
108.240890 288.927400 110.285000
